says : 0.67158731879
start-ups : 0.67158731879
tech : 0.479705227707
fintech : 0.479705227707
innovation : 0.479705227707
banks : 0.468901786127
start-up : 0.383764182166
banks, : 0.383764182166
financial : 0.368335427295
are : 0.332334999263
