Fonseca : 1.1512925465
Varela : 0.863469409873
Panama : 0.575646273249
him : 0.575646273249
Panamanian : 0.575646273249
accused : 0.575646273249
defend : 0.575646273249
Mr : 0.575646273249
Brazilian : 0.575646273249
says : 0.575646273249
